8200
59
8260
122953
8269
8270
90
92
8289
8295
57491
57504
196
8463
57634
221496
367
405
147872
8621
57798
8648
466
8815
654
657
8850
659
8854
90780
8932
753
861
863
999
1018
1021
9253
9274
58508
9372
9415
25814
9442
9443
25833
25925
25930
1374
1387
1388
9611
9612
9619
26039
1543
9739
1551
26147
9765
1577
124491
9839
9862
9869
9913
9931
10014
83746
10042
10062
1911
1912
255877
10123
1959
2033
51230
2104
2117
2145
2146
2186
51341
2222
10413
84148
10428
116931
10499
10513
51547
10589
51559
51564
10629
84441
27097
2530
27120
27154
84498
51741
51742
2625
2626
2649
10847
27242
2672
10919
10933
27327
11060
2908
84869
11177
3054
3065
3091
60481
3170
3172
3198
3516
3607
159296
3720
3992
3995
4087
4088
4092
389170
4149
4199
4248
192670
4284
4306
28984
143689
29079
29115
4664
4783
168667
283377
4853
4854
4855
4862
5087
5128
5218
5241
29841
54456
29890
29915
79071
79142
5460
284058
54790
79447
54880
54904
54934
161436
79612
55061
5927
5978
79718
55170
55193
6046
79823
6095
6097
79872
161882
80012
80018
6314
112869
6419
80205
55636
6497
55689
170384
22955
63925
6594
6595
6597
6603
6605
55777
63976
55818
23054
375318
23081
23090
23091
23097
55869
6720
23112
219771
55966
121536
6879
23269
6928
6935
6938
23338
23389
7008
7003
7005
56164
23411
23414
80762
7049
7113
23512
23522
23558
171023
64641
113802
7403
64754
64784
7444
7703
56950
56983
7867
7923
8013
8099
8110
196528
57332